0	file:/Applications/mallet-2.0.8RC3/catherine/letters/.DS_Store	0.9904761904761905	0.002380952380952381	0.002380952380952381	0.002380952380952381	0.002380952380952381
1	file:/Applications/mallet-2.0.8RC3/catherine/letters/Lettere_001%20copyLibroSecondo.txt	0.3713355048859935	0.05211726384364821	0.49185667752442996	0.048859934853420196	0.035830618892508145
2	file:/Applications/mallet-2.0.8RC3/catherine/letters/Lettere_001.txt	0.40716612377850164	0.035830618892508145	0.44625407166123776	0.05863192182410423	0.05211726384364821
3	file:/Applications/mallet-2.0.8RC3/catherine/letters/Lettere_002%20copyLibroQuarto.txt	0.0963855421686747	0.1927710843373494	0.46987951807228917	0.20080321285140562	0.040160642570281124
4	file:/Applications/mallet-2.0.8RC3/catherine/letters/Lettere_002%20copyLibroQuinto.txt	0.01615508885298869	0.32310177705977383	0.030694668820678513	0.3974151857835218	0.23263327948303716
5	file:/Applications/mallet-2.0.8RC3/catherine/letters/Lettere_002%20copyLibroSecondo.txt	0.2852807283763278	0.06525037936267071	0.21547799696509864	0.1411229135053111	0.2928679817905918
6	file:/Applications/mallet-2.0.8RC3/catherine/letters/Lettere_002%20copyLibroSesto.txt	0.08333333333333333	0.1373873873873874	0.12162162162162163	0.536036036036036	0.12162162162162163
7	file:/Applications/mallet-2.0.8RC3/catherine/letters/Lettere_002%20copyLibroTerzo.txt	0.16723549488054607	0.051194539249146756	0.6484641638225256	0.034129692832764506	0.09897610921501707
8	file:/Applications/mallet-2.0.8RC3/catherine/letters/Lettere_002.txt	0.03825857519788918	0.20316622691292877	0.24802110817941952	0.27440633245382584	0.23614775725593667
9	file:/Applications/mallet-2.0.8RC3/catherine/letters/Lettere_003%20copyLibroQuarto.txt	0.01276595744680851	0.6595744680851063	0.16595744680851063	0.00851063829787234	0.15319148936170213
10	file:/Applications/mallet-2.0.8RC3/catherine/letters/Lettere_003%20copyLibroQuinto.txt	0.04500978473581213	0.14090019569471623	0.17025440313111545	0.13992172211350293	0.5039138943248532
11	file:/Applications/mallet-2.0.8RC3/catherine/letters/Lettere_003%20copyLibroSecondo.txt	0.046703296703296704	0.16758241758241757	0.5659340659340659	0.024725274725274724	0.19505494505494506
12	file:/Applications/mallet-2.0.8RC3/catherine/letters/Lettere_003%20copyLibroSesto.txt	0.18110236220472442	0.2559055118110236	0.05905511811023622	0.3937007874015748	0.11023622047244094
13	file:/Applications/mallet-2.0.8RC3/catherine/letters/Lettere_003%20copyLibroTerzo.txt	0.10954063604240283	0.045936395759717315	0.5335689045936396	0.254416961130742	0.05653710247349823
14	file:/Applications/mallet-2.0.8RC3/catherine/letters/Lettere_003.txt	0.19318181818181818	0.11079545454545454	0.40625	0.07954545454545454	0.21022727272727273
15	file:/Applications/mallet-2.0.8RC3/catherine/letters/Lettere_004%20copyLibroQuarto.txt	0.017699115044247787	0.4668141592920354	0.23672566371681417	0.1084070796460177	0.17035398230088494
16	file:/Applications/mallet-2.0.8RC3/catherine/letters/Lettere_004%20copyLibroQuinto.txt	0.17286245353159851	0.07992565055762081	0.35687732342007433	0.1579925650557621	0.23234200743494424
17	file:/Applications/mallet-2.0.8RC3/catherine/letters/Lettere_004%20copyLibroSecondo.txt	0.10043668122270742	0.048034934497816595	0.7947598253275109	0.013100436681222707	0.043668122270742356
18	file:/Applications/mallet-2.0.8RC3/catherine/letters/Lettere_004%20copyLibroSesto.txt	0.07733333333333334	0.08533333333333333	0.13333333333333333	0.6666666666666666	0.037333333333333336
19	file:/Applications/mallet-2.0.8RC3/catherine/letters/Lettere_004%20copyLibroTerzo.txt	0.1040268456375839	0.09060402684563758	0.6174496644295302	0.15436241610738255	0.03355704697986577
20	file:/Applications/mallet-2.0.8RC3/catherine/letters/Lettere_004.txt	0.07423580786026202	0.09170305676855896	0.7554585152838428	0.017467248908296942	0.0611353711790393
21	file:/Applications/mallet-2.0.8RC3/catherine/letters/Lettere_005%20copyLibroQuarto.txt	0.025817555938037865	0.2633390705679862	0.2977624784853701	0.30120481927710846	0.11187607573149742
22	file:/Applications/mallet-2.0.8RC3/catherine/letters/Lettere_005%20copyLibroQuinto.txt	0.0360082304526749	0.338477366255144	0.021604938271604937	0.1337448559670782	0.47016460905349794
23	file:/Applications/mallet-2.0.8RC3/catherine/letters/Lettere_005%20copyLibroSecondo.txt	0.11336032388663968	0.0931174089068826	0.4291497975708502	0.145748987854251	0.21862348178137653
24	file:/Applications/mallet-2.0.8RC3/catherine/letters/Lettere_005%20copyLibroSesto.txt	0.017857142857142856	0.4107142857142857	0.017857142857142856	0.41964285714285715	0.13392857142857142
25	file:/Applications/mallet-2.0.8RC3/catherine/letters/Lettere_005%20copyLibroTerzo.txt	0.04666666666666667	0.26666666666666666	0.42	0.26	0.006666666666666667
26	file:/Applications/mallet-2.0.8RC3/catherine/letters/Lettere_005.txt	0.055944055944055944	0.16317016317016317	0.43123543123543123	0.2727272727272727	0.07692307692307693
27	file:/Applications/mallet-2.0.8RC3/catherine/letters/Lettere_006%20copyLibroQuarto.txt	0.0783132530120482	0.25903614457831325	0.4397590361445783	0.0783132530120482	0.14457831325301204
28	file:/Applications/mallet-2.0.8RC3/catherine/letters/Lettere_006%20copyLibroQuinto.txt	0.24567474048442905	0.157439446366782	0.22145328719723184	0.17128027681660898	0.2041522491349481
29	file:/Applications/mallet-2.0.8RC3/catherine/letters/Lettere_006%20copyLibroSecondo.txt	0.3168724279835391	0.037037037037037035	0.5205761316872428	0.05555555555555555	0.06995884773662552
30	file:/Applications/mallet-2.0.8RC3/catherine/letters/Lettere_006%20copyLibroSesto.txt	0.020833333333333332	0.4583333333333333	0.0625	0.375	0.08333333333333333
31	file:/Applications/mallet-2.0.8RC3/catherine/letters/Lettere_006%20copyLibroTerzo.txt	0.1794871794871795	0.02564102564102564	0.7435897435897436	0.01282051282051282	0.038461538461538464
32	file:/Applications/mallet-2.0.8RC3/catherine/letters/Lettere_006.txt	0.17588932806324112	0.0533596837944664	0.39920948616600793	0.15019762845849802	0.22134387351778656
33	file:/Applications/mallet-2.0.8RC3/catherine/letters/Lettere_007%20copyLibroQuarto.txt	0.05321507760532151	0.24390243902439024	0.36807095343680707	0.2638580931263858	0.07095343680709534
34	file:/Applications/mallet-2.0.8RC3/catherine/letters/Lettere_007%20copyLibroQuinto.txt	0.0423572744014733	0.3397790055248619	0.055248618784530384	0.13812154696132597	0.4244935543278085
35	file:/Applications/mallet-2.0.8RC3/catherine/letters/Lettere_007%20copyLibroSecondo.txt	0.425531914893617	0.05673758865248227	0.3404255319148936	0.03900709219858156	0.13829787234042554
36	file:/Applications/mallet-2.0.8RC3/catherine/letters/Lettere_007%20copyLibroSesto.txt	0.10067114093959731	0.41946308724832215	0.07046979865771812	0.24496644295302014	0.1644295302013423
37	file:/Applications/mallet-2.0.8RC3/catherine/letters/Lettere_007%20copyLibroTerzo.txt	0.12055335968379446	0.09090909090909091	0.5098814229249012	0.08102766798418973	0.1976284584980237
38	file:/Applications/mallet-2.0.8RC3/catherine/letters/Lettere_007.txt	0.06866952789699571	0.13590844062947066	0.2145922746781116	0.21888412017167383	0.36194563662374823
39	file:/Applications/mallet-2.0.8RC3/catherine/letters/Lettere_008%20copyLibroQuarto.txt	0.021052631578947368	0.5736842105263158	0.23421052631578948	0.09210526315789473	0.07894736842105263
40	file:/Applications/mallet-2.0.8RC3/catherine/letters/Lettere_008%20copyLibroQuinto.txt	0.20031545741324921	0.08911671924290221	0.1443217665615142	0.1892744479495268	0.37697160883280756
41	file:/Applications/mallet-2.0.8RC3/catherine/letters/Lettere_008%20copyLibroSecondo.txt	0.28746928746928746	0.09828009828009827	0.257985257985258	0.2113022113022113	0.14496314496314497
42	file:/Applications/mallet-2.0.8RC3/catherine/letters/Lettere_008%20copyLibroSesto.txt	0.15548281505728315	0.3895253682487725	0.03273322422258593	0.25859247135842883	0.16366612111292964
43	file:/Applications/mallet-2.0.8RC3/catherine/letters/Lettere_008%20copyLibroTerzo.txt	0.10914454277286136	0.05309734513274336	0.6253687315634219	0.1592920353982301	0.05309734513274336
44	file:/Applications/mallet-2.0.8RC3/catherine/letters/Lettere_008.txt	0.08163265306122448	0.20816326530612245	0.3489795918367347	0.23061224489795917	0.1306122448979592
45	file:/Applications/mallet-2.0.8RC3/catherine/letters/Lettere_009%20copyLibroQuarto.txt	0.14454976303317535	0.05924170616113744	0.5616113744075829	0.18246445497630331	0.052132701421800945
46	file:/Applications/mallet-2.0.8RC3/catherine/letters/Lettere_009%20copyLibroQuinto.txt	0.13696060037523453	0.08348968105065666	0.2129455909943715	0.274859287054409	0.29174484052532834
47	file:/Applications/mallet-2.0.8RC3/catherine/letters/Lettere_009%20copyLibroSecondo.txt	0.22710163111668757	0.15683814303638646	0.4466750313676286	0.12923462986198245	0.04015056461731493
48	file:/Applications/mallet-2.0.8RC3/catherine/letters/Lettere_009%20copyLibroSesto.txt	0.024475524475524476	0.0979020979020979	0.32867132867132864	0.38927738927738925	0.15967365967365968
49	file:/Applications/mallet-2.0.8RC3/catherine/letters/Lettere_009%20copyLibroTerzo.txt	0.14285714285714285	0.15510204081632653	0.5551020408163265	0.11020408163265306	0.036734693877551024
50	file:/Applications/mallet-2.0.8RC3/catherine/letters/Lettere_009.txt	0.17763157894736842	0.046052631578947366	0.48026315789473684	0.1118421052631579	0.18421052631578946
51	file:/Applications/mallet-2.0.8RC3/catherine/letters/Lettere_010%20copyLibroQuarto.txt	0.04218362282878412	0.4292803970223325	0.1935483870967742	0.18114143920595532	0.15384615384615385
52	file:/Applications/mallet-2.0.8RC3/catherine/letters/Lettere_010%20copyLibroQuinto.txt	0.08602150537634409	0.08064516129032258	0.3225806451612903	0.0967741935483871	0.41397849462365593
53	file:/Applications/mallet-2.0.8RC3/catherine/letters/Lettere_010%20copyLibroSecondo.txt	0.22071307300509338	0.035653650254668934	0.18845500848896435	0.1697792869269949	0.3853989813242784
54	file:/Applications/mallet-2.0.8RC3/catherine/letters/Lettere_010%20copyLibroSesto.txt	0.007042253521126761	0.07746478873239436	0.5211267605633803	0.30985915492957744	0.08450704225352113
55	file:/Applications/mallet-2.0.8RC3/catherine/letters/Lettere_010%20copyLibroTerzo.txt	0.013513513513513514	0.04054054054054054	0.7207207207207207	0.07657657657657657	0.14864864864864866
56	file:/Applications/mallet-2.0.8RC3/catherine/letters/Lettere_010.txt	0.11940298507462686	0.07462686567164178	0.40298507462686567	0.033582089552238806	0.3694029850746269
57	file:/Applications/mallet-2.0.8RC3/catherine/letters/Lettere_011%20copyLibroQuarto.txt	0.07967032967032966	0.5604395604395604	0.11401098901098901	0.07967032967032966	0.1662087912087912
58	file:/Applications/mallet-2.0.8RC3/catherine/letters/Lettere_011%20copyLibroQuinto.txt	0.17699115044247787	0.252212389380531	0.415929203539823	0.004424778761061947	0.1504424778761062
59	file:/Applications/mallet-2.0.8RC3/catherine/letters/Lettere_011%20copyLibroSecondo.txt	0.40969162995594716	0.04140969162995595	0.12599118942731277	0.2563876651982379	0.16651982378854627
60	file:/Applications/mallet-2.0.8RC3/catherine/letters/Lettere_011%20copyLibroSesto.txt	0.04519774011299435	0.08757062146892655	0.22598870056497175	0.5	0.14124293785310735
61	file:/Applications/mallet-2.0.8RC3/catherine/letters/Lettere_011%20copyLibroTerzo.txt	0.12060301507537688	0.16750418760469013	0.45896147403685095	0.20435510887772193	0.048576214405360134
62	file:/Applications/mallet-2.0.8RC3/catherine/letters/Lettere_011.txt	0.10101010101010101	0.16161616161616163	0.5252525252525253	0.0707070707070707	0.1414141414141414
63	file:/Applications/mallet-2.0.8RC3/catherine/letters/Lettere_012%20copyLibroQuarto.txt	0.04878048780487805	0.03353658536585366	0.25914634146341464	0.3384146341463415	0.3201219512195122
64	file:/Applications/mallet-2.0.8RC3/catherine/letters/Lettere_012%20copyLibroQuinto.txt	0.052	0.148	0.18	0.15866666666666668	0.4613333333333333
65	file:/Applications/mallet-2.0.8RC3/catherine/letters/Lettere_012%20copyLibroSecondo.txt	0.23387096774193547	0.11021505376344086	0.26344086021505375	0.2916666666666667	0.10080645161290322
66	file:/Applications/mallet-2.0.8RC3/catherine/letters/Lettere_012%20copyLibroSesto.txt	0.12637362637362637	0.14835164835164835	0.05860805860805861	0.5787545787545788	0.08791208791208792
67	file:/Applications/mallet-2.0.8RC3/catherine/letters/Lettere_012%20copyLibroTerzo.txt	0.2898330804248862	0.05007587253414264	0.44157814871016693	0.11532625189681335	0.10318664643399089
68	file:/Applications/mallet-2.0.8RC3/catherine/letters/Lettere_012.txt	0.024518388791593695	0.3975481611208406	0.1978984238178634	0.2171628721541156	0.1628721541155867
69	file:/Applications/mallet-2.0.8RC3/catherine/letters/Lettere_013%20copyLibroQuarto.txt	0.15371621621621623	0.060810810810810814	0.19763513513513514	0.1875	0.40033783783783783
70	file:/Applications/mallet-2.0.8RC3/catherine/letters/Lettere_013%20copyLibroQuinto.txt	0.14720812182741116	0.19035532994923857	0.1802030456852792	0.30456852791878175	0.17766497461928935
71	file:/Applications/mallet-2.0.8RC3/catherine/letters/Lettere_013%20copyLibroSecondo.txt	0.1266294227188082	0.027932960893854747	0.35567970204841715	0.15456238361266295	0.33519553072625696
72	file:/Applications/mallet-2.0.8RC3/catherine/letters/Lettere_013%20copyLibroSesto.txt	0.06417112299465241	0.42245989304812837	0.13903743315508021	0.2620320855614973	0.11229946524064172
73	file:/Applications/mallet-2.0.8RC3/catherine/letters/Lettere_013%20copyLibroTerzo.txt	0.3305084745762712	0.05273069679849341	0.1713747645951036	0.15725047080979285	0.288135593220339
74	file:/Applications/mallet-2.0.8RC3/catherine/letters/Lettere_013.txt	0.03498542274052478	0.4314868804664723	0.41690962099125367	0.06705539358600583	0.04956268221574344
75	file:/Applications/mallet-2.0.8RC3/catherine/letters/Lettere_014%20copyLibroQuarto.txt	0.16875	0.075	0.565625	0.05625	0.134375
76	file:/Applications/mallet-2.0.8RC3/catherine/letters/Lettere_014%20copyLibroQuinto.txt	0.012903225806451613	0.5290322580645161	0.2838709677419355	0.01935483870967742	0.15483870967741936
77	file:/Applications/mallet-2.0.8RC3/catherine/letters/Lettere_014%20copyLibroSecondo.txt	0.272	0.046	0.464	0.072	0.146
78	file:/Applications/mallet-2.0.8RC3/catherine/letters/Lettere_014%20copyLibroSesto.txt	0.019230769230769232	0.3423076923076923	0.15384615384615385	0.4461538461538462	0.038461538461538464
79	file:/Applications/mallet-2.0.8RC3/catherine/letters/Lettere_014%20copyLibroTerzo.txt	0.07889908256880734	0.11009174311926606	0.3944954128440367	0.3412844036697248	0.07522935779816514
80	file:/Applications/mallet-2.0.8RC3/catherine/letters/Lettere_014.txt	0.16108247422680413	0.07216494845360824	0.19845360824742267	0.23840206185567012	0.32989690721649484
81	file:/Applications/mallet-2.0.8RC3/catherine/letters/Lettere_015%20copyLibroQuarto.txt	0.021413276231263382	0.12633832976445397	0.4282655246252677	0.32548179871520344	0.09850107066381156
82	file:/Applications/mallet-2.0.8RC3/catherine/letters/Lettere_015%20copyLibroQuinto.txt	0.07964601769911504	0.336283185840708	0.415929203539823	0.04424778761061947	0.12389380530973451
83	file:/Applications/mallet-2.0.8RC3/catherine/letters/Lettere_015%20copyLibroSecondo.txt	0.03225806451612903	0.07526881720430108	0.44086021505376344	0.41935483870967744	0.03225806451612903
84	file:/Applications/mallet-2.0.8RC3/catherine/letters/Lettere_015%20copyLibroSesto.txt	0.06401384083044982	0.07785467128027682	0.1314878892733564	0.5121107266435986	0.21453287197231835
85	file:/Applications/mallet-2.0.8RC3/catherine/letters/Lettere_015%20copyLibroTerzo.txt	0.14093959731543623	0.013422818791946308	0.5906040268456376	0.22818791946308725	0.026845637583892617
86	file:/Applications/mallet-2.0.8RC3/catherine/letters/Lettere_015.txt	0.0667574931880109	0.34877384196185285	0.40054495912806537	0.10217983651226158	0.08174386920980926
87	file:/Applications/mallet-2.0.8RC3/catherine/letters/Lettere_016%20copyLibroQuarto.txt	0.09090909090909091	0.08080808080808081	0.5505050505050505	0.13131313131313133	0.14646464646464646
88	file:/Applications/mallet-2.0.8RC3/catherine/letters/Lettere_016%20copyLibroQuinto.txt	0.019867549668874173	0.543046357615894	0.2185430463576159	0.1390728476821192	0.07947019867549669
89	file:/Applications/mallet-2.0.8RC3/catherine/letters/Lettere_016%20copyLibroSecondo.txt	0.0944206008583691	0.06437768240343347	0.19957081545064378	0.259656652360515	0.38197424892703863
90	file:/Applications/mallet-2.0.8RC3/catherine/letters/Lettere_016%20copyLibroSesto.txt	0.09774436090225563	0.15789473684210525	0.14285714285714285	0.5263157894736842	0.07518796992481203
91	file:/Applications/mallet-2.0.8RC3/catherine/letters/Lettere_016%20copyLibroTerzo.txt	0.23870967741935484	0.12387096774193548	0.17806451612903226	0.05806451612903226	0.4012903225806452
92	file:/Applications/mallet-2.0.8RC3/catherine/letters/Lettere_016.txt	0.03932584269662921	0.25842696629213485	0.5112359550561798	0.08426966292134831	0.10674157303370786
93	file:/Applications/mallet-2.0.8RC3/catherine/letters/Lettere_017%20copyLibroQuarto.txt	0.2275132275132275	0.06349206349206349	0.37566137566137564	0.14285714285714285	0.19047619047619047
94	file:/Applications/mallet-2.0.8RC3/catherine/letters/Lettere_017%20copyLibroQuinto.txt	0.2329896907216495	0.4061855670103093	0.0577319587628866	0.12577319587628866	0.177319587628866
95	file:/Applications/mallet-2.0.8RC3/catherine/letters/Lettere_017%20copyLibroSecondo.txt	0.10657596371882086	0.009070294784580499	0.29024943310657597	0.42630385487528344	0.16780045351473924
96	file:/Applications/mallet-2.0.8RC3/catherine/letters/Lettere_017%20copyLibroSesto.txt	0.1275797373358349	0.34146341463414637	0.0975609756097561	0.3076923076923077	0.12570356472795496
97	file:/Applications/mallet-2.0.8RC3/catherine/letters/Lettere_017%20copyLibroTerzo.txt	0.08947368421052632	0.4368421052631579	0.2894736842105263	0.1	0.08421052631578947
98	file:/Applications/mallet-2.0.8RC3/catherine/letters/Lettere_017.txt	0.13966480446927373	0.24581005586592178	0.4245810055865922	0.11731843575418995	0.07262569832402235
99	file:/Applications/mallet-2.0.8RC3/catherine/letters/Lettere_018%20copyLibroQuarto.txt	0.1647940074906367	0.2883895131086142	0.36704119850187267	0.1348314606741573	0.0449438202247191
100	file:/Applications/mallet-2.0.8RC3/catherine/letters/Lettere_018%20copyLibroQuinto.txt	0.06345177664974619	0.28426395939086296	0.4010152284263959	0.08121827411167512	0.1700507614213198
101	file:/Applications/mallet-2.0.8RC3/catherine/letters/Lettere_018%20copyLibroSecondo.txt	0.19658119658119658	0.008547008547008548	0.7350427350427351	0.03418803418803419	0.02564102564102564
102	file:/Applications/mallet-2.0.8RC3/catherine/letters/Lettere_018%20copyLibroTerzo.txt	0.03143418467583497	0.3575638506876228	0.22396856581532418	0.22593320235756384	0.16110019646365423
103	file:/Applications/mallet-2.0.8RC3/catherine/letters/Lettere_018.txt	0.05291005291005291	0.14285714285714285	0.30158730158730157	0.2962962962962963	0.20634920634920634
104	file:/Applications/mallet-2.0.8RC3/catherine/letters/Lettere_019%20copyLibroQuarto.txt	0.21782178217821782	0.10891089108910891	0.6237623762376238	0.039603960396039604	0.009900990099009901
105	file:/Applications/mallet-2.0.8RC3/catherine/letters/Lettere_019%20copyLibroQuinto.txt	0.11959287531806616	0.49363867684478374	0.08396946564885496	0.09923664122137404	0.2035623409669211
106	file:/Applications/mallet-2.0.8RC3/catherine/letters/Lettere_019%20copyLibroSecondo.txt	0.07279693486590039	0.34099616858237547	0.23180076628352492	0.1839080459770115	0.17049808429118773
107	file:/Applications/mallet-2.0.8RC3/catherine/letters/Lettere_019%20copyLibroTerzo.txt	0.11510791366906475	0.1618705035971223	0.6079136690647482	0.06474820143884892	0.050359712230215826
108	file:/Applications/mallet-2.0.8RC3/catherine/letters/Lettere_019.txt	0.16666666666666666	0.2916666666666667	0.3958333333333333	0.1111111111111111	0.034722222222222224
109	file:/Applications/mallet-2.0.8RC3/catherine/letters/Lettere_020%20copyLibroQuarto.txt	0.18613138686131386	0.40693430656934304	0.15328467153284672	0.14963503649635038	0.10401459854014598
110	file:/Applications/mallet-2.0.8RC3/catherine/letters/Lettere_020%20copyLibroQuinto.txt	0.16798418972332016	0.12648221343873517	0.39920948616600793	0.08695652173913043	0.21936758893280633
111	file:/Applications/mallet-2.0.8RC3/catherine/letters/Lettere_020%20copyLibroSecondo.txt	0.2233502538071066	0.09137055837563451	0.5177664974619289	0.07106598984771574	0.09644670050761421
112	file:/Applications/mallet-2.0.8RC3/catherine/letters/Lettere_020%20copyLibroTerzo.txt	0.27448979591836736	0.13979591836734695	0.1336734693877551	0.1346938775510204	0.3173469387755102
113	file:/Applications/mallet-2.0.8RC3/catherine/letters/Lettere_020.txt	0.09349593495934959	0.16260162601626016	0.516260162601626	0.06910569105691057	0.15853658536585366
114	file:/Applications/mallet-2.0.8RC3/catherine/letters/Lettere_021%20copyLibroQuarto.txt	0.03697996918335902	0.10015408320493066	0.4637904468412943	0.21417565485362094	0.18489984591679506
115	file:/Applications/mallet-2.0.8RC3/catherine/letters/Lettere_021%20copyLibroQuinto.txt	0.0957683741648107	0.20489977728285078	0.1915367483296214	0.09799554565701558	0.40979955456570155
116	file:/Applications/mallet-2.0.8RC3/catherine/letters/Lettere_021%20copyLibroSecondo.txt	0.20375865479723046	0.16221562809099901	0.1552917903066271	0.29574678536102866	0.18298714144411474
117	file:/Applications/mallet-2.0.8RC3/catherine/letters/Lettere_021%20copyLibroTerzo.txt	0.008051529790660225	0.34299516908212563	0.21900161030595813	0.1642512077294686	0.26570048309178745
118	file:/Applications/mallet-2.0.8RC3/catherine/letters/Lettere_021.txt	0.10571428571428572	0.17714285714285713	0.30857142857142855	0.15714285714285714	0.25142857142857145
119	file:/Applications/mallet-2.0.8RC3/catherine/letters/Lettere_022%20copyLibroQuarto.txt	0.019417475728155338	0.18862690707350901	0.21220527045769763	0.40360610263522884	0.17614424410540916
120	file:/Applications/mallet-2.0.8RC3/catherine/letters/Lettere_022%20copyLibroQuinto.txt	0.20327868852459016	0.2262295081967213	0.17704918032786884	0.036065573770491806	0.35737704918032787
121	file:/Applications/mallet-2.0.8RC3/catherine/letters/Lettere_022%20copyLibroSecondo.txt	0.1302170283806344	0.05509181969949917	0.44574290484140233	0.25208681135225375	0.11686143572621036
122	file:/Applications/mallet-2.0.8RC3/catherine/letters/Lettere_022%20copyLibroTerzo.txt	0.13526570048309178	0.0748792270531401	0.4468599033816425	0.26811594202898553	0.0748792270531401
123	file:/Applications/mallet-2.0.8RC3/catherine/letters/Lettere_022.txt	0.32062780269058294	0.04035874439461883	0.20179372197309417	0.08744394618834081	0.34977578475336324
124	file:/Applications/mallet-2.0.8RC3/catherine/letters/Lettere_023%20copyLibroQuarto.txt	0.013245033112582781	0.5927152317880795	0.2119205298013245	0.12251655629139073	0.059602649006622516
125	file:/Applications/mallet-2.0.8RC3/catherine/letters/Lettere_023%20copyLibroQuinto.txt	0.18012422360248448	0.15734989648033126	0.2194616977225673	0.15320910973084886	0.2898550724637681
126	file:/Applications/mallet-2.0.8RC3/catherine/letters/Lettere_023%20copyLibroSecondo.txt	0.2990936555891239	0.09063444108761329	0.18277945619335348	0.3323262839879154	0.09516616314199396
127	file:/Applications/mallet-2.0.8RC3/catherine/letters/Lettere_023%20copyLibroTerzo.txt	0.07894736842105263	0.41228070175438597	0.32456140350877194	0.09649122807017543	0.08771929824561403
128	file:/Applications/mallet-2.0.8RC3/catherine/letters/Lettere_023.txt	0.028011204481792718	0.26750700280112044	0.28991596638655465	0.24649859943977592	0.16806722689075632
129	file:/Applications/mallet-2.0.8RC3/catherine/letters/Lettere_024%20copyLibroQuarto.txt	0.08981233243967829	0.1487935656836461	0.3605898123324397	0.0777479892761394	0.3230563002680965
130	file:/Applications/mallet-2.0.8RC3/catherine/letters/Lettere_024%20copyLibroQuinto.txt	0.2879581151832461	0.1256544502617801	0.2617801047120419	0.1518324607329843	0.17277486910994763
131	file:/Applications/mallet-2.0.8RC3/catherine/letters/Lettere_024%20copyLibroSecondo.txt	0.06888888888888889	0.09777777777777778	0.6866666666666666	0.051111111111111114	0.09555555555555556
132	file:/Applications/mallet-2.0.8RC3/catherine/letters/Lettere_024%20copyLibroTerzo.txt	0.15348837209302327	0.046511627906976744	0.4604651162790698	0.06976744186046512	0.26976744186046514
133	file:/Applications/mallet-2.0.8RC3/catherine/letters/Lettere_024.txt	0.4484848484848485	0.00202020202020202	0.24848484848484848	0.1393939393939394	0.16161616161616163
134	file:/Applications/mallet-2.0.8RC3/catherine/letters/Lettere_025%20copyLibroQuarto.txt	0.06666666666666667	0.14222222222222222	0.34	0.12444444444444444	0.32666666666666666
135	file:/Applications/mallet-2.0.8RC3/catherine/letters/Lettere_025%20copyLibroQuinto.txt	0.15419501133786848	0.14058956916099774	0.36961451247165533	0.06349206349206349	0.272108843537415
136	file:/Applications/mallet-2.0.8RC3/catherine/letters/Lettere_025%20copyLibroSecondo.txt	0.020161290322580645	0.5443548387096774	0.23387096774193547	0.06048387096774194	0.14112903225806453
137	file:/Applications/mallet-2.0.8RC3/catherine/letters/Lettere_025%20copyLibroTerzo.txt	0.25	0.175	0.31875	0.125	0.13125
138	file:/Applications/mallet-2.0.8RC3/catherine/letters/Lettere_025.txt	0.07692307692307693	0.06072874493927125	0.4979757085020243	0.024291497975708502	0.340080971659919
139	file:/Applications/mallet-2.0.8RC3/catherine/letters/Lettere_026%20copyLibroQuarto.txt	0.1424	0.2368	0.2064	0.2544	0.16
140	file:/Applications/mallet-2.0.8RC3/catherine/letters/Lettere_026%20copyLibroQuinto.txt	0.029871977240398292	0.23044096728307253	0.10099573257467995	0.43385490753911804	0.20483641536273114
141	file:/Applications/mallet-2.0.8RC3/catherine/letters/Lettere_026%20copyLibroSecondo.txt	0.07125890736342043	0.171021377672209	0.4916864608076009	0.1543942992874109	0.11163895486935867
142	file:/Applications/mallet-2.0.8RC3/catherine/letters/Lettere_026%20copyLibroTerzo.txt	0.06172839506172839	0.2716049382716049	0.43209876543209874	0.1728395061728395	0.06172839506172839
143	file:/Applications/mallet-2.0.8RC3/catherine/letters/Lettere_026.txt	0.05813953488372093	0.3627906976744186	0.2651162790697674	0.20232558139534884	0.11162790697674418
144	file:/Applications/mallet-2.0.8RC3/catherine/letters/Lettere_027%20copyLibroQuarto.txt	0.10442477876106195	0.048672566371681415	0.3185840707964602	0.2902654867256637	0.23805309734513275
145	file:/Applications/mallet-2.0.8RC3/catherine/letters/Lettere_027%20copyLibroQuinto.txt	0.0368763557483731	0.29067245119305857	0.12581344902386118	0.2603036876355748	0.28633405639913234
146	file:/Applications/mallet-2.0.8RC3/catherine/letters/Lettere_027%20copyLibroSecondo.txt	0.07878787878787878	0.4727272727272727	0.3939393939393939	0.012121212121212121	0.04242424242424243
147	file:/Applications/mallet-2.0.8RC3/catherine/letters/Lettere_027%20copyLibroTerzo.txt	0.027131782945736434	0.1434108527131783	0.4496124031007752	0.3178294573643411	0.06201550387596899
148	file:/Applications/mallet-2.0.8RC3/catherine/letters/Lettere_027.txt	0.02631578947368421	0.2593984962406015	0.3101503759398496	0.22650375939849623	0.17763157894736842
149	file:/Applications/mallet-2.0.8RC3/catherine/letters/Lettere_028%20copyLibroQuarto.txt	0.15212981744421908	0.1724137931034483	0.11764705882352941	0.09127789046653144	0.4665314401622718
150	file:/Applications/mallet-2.0.8RC3/catherine/letters/Lettere_028%20copyLibroQuinto.txt	0.3153153153153153	0.07207207207207207	0.12387387387387387	0.1768018018018018	0.3119369369369369
151	file:/Applications/mallet-2.0.8RC3/catherine/letters/Lettere_028%20copyLibroSecondo.txt	0.07888888888888888	0.16666666666666666	0.38555555555555554	0.19777777777777777	0.1711111111111111
152	file:/Applications/mallet-2.0.8RC3/catherine/letters/Lettere_028%20copyLibroTerzo.txt	0.06586021505376344	0.30510752688172044	0.39381720430107525	0.16666666666666666	0.06854838709677419
153	file:/Applications/mallet-2.0.8RC3/catherine/letters/Lettere_028.txt	0.02962962962962963	0.1728395061728395	0.5654320987654321	0.12345679012345678	0.10864197530864197
154	file:/Applications/mallet-2.0.8RC3/catherine/letters/Lettere_029%20copyLibroQuarto.txt	0.08163265306122448	0.2612244897959184	0.3142857142857143	0.036734693877551024	0.30612244897959184
155	file:/Applications/mallet-2.0.8RC3/catherine/letters/Lettere_029%20copyLibroQuinto.txt	0.34295415959252973	0.06112054329371817	0.16723259762308998	0.14091680814940577	0.28777589134125636
156	file:/Applications/mallet-2.0.8RC3/catherine/letters/Lettere_029%20copyLibroSecondo.txt	0.08677685950413223	0.09917355371900827	0.41735537190082644	0.045454545454545456	0.3512396694214876
157	file:/Applications/mallet-2.0.8RC3/catherine/letters/Lettere_029%20copyLibroTerzo.txt	0.1328125	0.015625	0.5390625	0.1015625	0.2109375
158	file:/Applications/mallet-2.0.8RC3/catherine/letters/Lettere_029.txt	0.13086770981507823	0.19203413940256045	0.4566145092460882	0.1507823613086771	0.06970128022759602
159	file:/Applications/mallet-2.0.8RC3/catherine/letters/Lettere_030%20copyLibroQuarto.txt	0.2795497185741088	0.03564727954971857	0.30206378986866794	0.22138836772983114	0.16135084427767354
160	file:/Applications/mallet-2.0.8RC3/catherine/letters/Lettere_030%20copyLibroQuinto.txt	0.037037037037037035	0.15020576131687244	0.6049382716049383	0.02880658436213992	0.17901234567901234
161	file:/Applications/mallet-2.0.8RC3/catherine/letters/Lettere_030%20copyLibroSecondo.txt	0.12249443207126949	0.20489977728285078	0.24053452115812918	0.289532293986637	0.14253897550111358
162	file:/Applications/mallet-2.0.8RC3/catherine/letters/Lettere_030%20copyLibroTerzo.txt	0.07052023121387284	0.1815028901734104	0.40346820809248557	0.2323699421965318	0.11213872832369942
163	file:/Applications/mallet-2.0.8RC3/catherine/letters/Lettere_030.txt	0.5055803571428571	0.015625	0.18861607142857142	0.125	0.16517857142857142
164	file:/Applications/mallet-2.0.8RC3/catherine/letters/Lettere_031%20copyLibroQuarto.txt	0.2824207492795389	0.043227665706051875	0.2824207492795389	0.22622478386167147	0.16570605187319884
165	file:/Applications/mallet-2.0.8RC3/catherine/letters/Lettere_031%20copyLibroQuinto.txt	0.1675338189386056	0.05098855359001041	0.14151925078043703	0.19667013527575442	0.4432882414151925
166	file:/Applications/mallet-2.0.8RC3/catherine/letters/Lettere_031%20copyLibroSecondo.txt	0.32147395171537485	0.09783989834815757	0.26937738246505716	0.14358322744599747	0.16772554002541296
167	file:/Applications/mallet-2.0.8RC3/catherine/letters/Lettere_031%20copyLibroTerzo.txt	0.06411837237977805	0.4081381011097411	0.2281134401972873	0.19482120838471023	0.10480887792848335
168	file:/Applications/mallet-2.0.8RC3/catherine/letters/Lettere_031.txt	0.04672897196261682	0.16510903426791276	0.40498442367601245	0.07476635514018691	0.308411214953271
169	file:/Applications/mallet-2.0.8RC3/catherine/letters/Lettere_032%20copyLibroQuarto.txt	0.19960474308300397	0.06719367588932806	0.1956521739130435	0.30039525691699603	0.23715415019762845
170	file:/Applications/mallet-2.0.8RC3/catherine/letters/Lettere_032%20copyLibroQuinto.txt	0.07494145199063232	0.2576112412177986	0.13817330210772832	0.3325526932084309	0.19672131147540983
171	file:/Applications/mallet-2.0.8RC3/catherine/letters/Lettere_032%20copyLibroSecondo.txt	0.09523809523809523	0.319047619047619	0.45714285714285713	0.06666666666666667	0.06190476190476191
172	file:/Applications/mallet-2.0.8RC3/catherine/letters/Lettere_032%20copyLibroTerzo.txt	0.0844062947067239	0.3419170243204578	0.2646638054363376	0.10872675250357654	0.20028612303290416
173	file:/Applications/mallet-2.0.8RC3/catherine/letters/Lettere_032.txt	0.10208333333333333	0.12604166666666666	0.43645833333333334	0.25104166666666666	0.084375
174	file:/Applications/mallet-2.0.8RC3/catherine/letters/Lettere_033%20copyLibroQuarto.txt	0.07758620689655173	0.14224137931034483	0.4267241379310345	0.1400862068965517	0.21336206896551724
175	file:/Applications/mallet-2.0.8RC3/catherine/letters/Lettere_033%20copyLibroQuinto.txt	0.08882521489971347	0.07879656160458452	0.2521489971346705	0.3954154727793696	0.18481375358166188
176	file:/Applications/mallet-2.0.8RC3/catherine/letters/Lettere_033%20copyLibroSecondo.txt	0.1388888888888889	0.041666666666666664	0.6527777777777778	0.1527777777777778	0.013888888888888888
177	file:/Applications/mallet-2.0.8RC3/catherine/letters/Lettere_033%20copyLibroTerzo.txt	0.26627218934911245	0.16863905325443787	0.30177514792899407	0.0650887573964497	0.19822485207100593
178	file:/Applications/mallet-2.0.8RC3/catherine/letters/Lettere_033.txt	0.18457943925233644	0.11682242990654206	0.308411214953271	0.20794392523364486	0.1822429906542056
179	file:/Applications/mallet-2.0.8RC3/catherine/letters/Lettere_034%20copyLibroQuarto.txt	0.08264462809917356	0.08028335301062574	0.2668240850059032	0.36363636363636365	0.2066115702479339
180	file:/Applications/mallet-2.0.8RC3/catherine/letters/Lettere_034%20copyLibroQuinto.txt	0.1919191919191919	0.2545454545454545	0.27474747474747474	0.10505050505050505	0.17373737373737375
181	file:/Applications/mallet-2.0.8RC3/catherine/letters/Lettere_034%20copyLibroSecondo.txt	0.09961685823754789	0.26436781609195403	0.4482758620689655	0.09195402298850575	0.09578544061302682
182	file:/Applications/mallet-2.0.8RC3/catherine/letters/Lettere_034%20copyLibroTerzo.txt	0.21653543307086615	0.011811023622047244	0.33858267716535434	0.08267716535433071	0.35039370078740156
183	file:/Applications/mallet-2.0.8RC3/catherine/letters/Lettere_034.txt	0.22359396433470508	0.15363511659807957	0.37448559670781895	0.13443072702331962	0.11385459533607682
184	file:/Applications/mallet-2.0.8RC3/catherine/letters/Lettere_035%20copyLibroQuarto.txt	0.11773700305810397	0.46636085626911317	0.11467889908256881	0.10244648318042814	0.19877675840978593
185	file:/Applications/mallet-2.0.8RC3/catherine/letters/Lettere_035%20copyLibroQuinto.txt	0.1578125	0.30625	0.0984375	0.128125	0.309375
186	file:/Applications/mallet-2.0.8RC3/catherine/letters/Lettere_035%20copyLibroSecondo.txt	0.11959287531806616	0.09414758269720101	0.5801526717557252	0.13740458015267176	0.06870229007633588
187	file:/Applications/mallet-2.0.8RC3/catherine/letters/Lettere_035%20copyLibroTerzo.txt	0.14795918367346939	0.04081632653061224	0.5459183673469388	0.1326530612244898	0.1326530612244898
188	file:/Applications/mallet-2.0.8RC3/catherine/letters/Lettere_035.txt	0.09567901234567901	0.04938271604938271	0.6265432098765432	0.037037037037037035	0.19135802469135801
189	file:/Applications/mallet-2.0.8RC3/catherine/letters/Lettere_036%20copyLibroQuarto.txt	0.05823627287853577	0.24958402662229617	0.1048252911813644	0.46589018302828616	0.12146422628951747
190	file:/Applications/mallet-2.0.8RC3/catherine/letters/Lettere_036%20copyLibroQuinto.txt	0.03542673107890499	0.25442834138486314	0.1288244766505636	0.19806763285024154	0.3832528180354267
191	file:/Applications/mallet-2.0.8RC3/catherine/letters/Lettere_036%20copyLibroSecondo.txt	0.15568862275449102	0.1437125748502994	0.49101796407185627	0.04790419161676647	0.16167664670658682
192	file:/Applications/mallet-2.0.8RC3/catherine/letters/Lettere_036%20copyLibroTerzo.txt	0.14615384615384616	0.18846153846153846	0.21923076923076923	0.23461538461538461	0.21153846153846154
193	file:/Applications/mallet-2.0.8RC3/catherine/letters/Lettere_036.txt	0.42783505154639173	0.0429553264604811	0.19243986254295534	0.08247422680412371	0.2542955326460481
194	file:/Applications/mallet-2.0.8RC3/catherine/letters/Lettere_037%20copyLibroQuarto.txt	0.10091743119266056	0.25688073394495414	0.44036697247706424	0.14678899082568808	0.05504587155963303
195	file:/Applications/mallet-2.0.8RC3/catherine/letters/Lettere_037%20copyLibroQuinto.txt	0.0350076103500761	0.2846270928462709	0.091324200913242	0.2328767123287671	0.3561643835616438
196	file:/Applications/mallet-2.0.8RC3/catherine/letters/Lettere_037%20copyLibroSecondo.txt	0.12064343163538874	0.00804289544235925	0.48525469168900803	0.18498659517426275	0.20107238605898123
197	file:/Applications/mallet-2.0.8RC3/catherine/letters/Lettere_037%20copyLibroTerzo.txt	0.08120649651972157	0.3805104408352668	0.1554524361948956	0.18793503480278423	0.19489559164733178
198	file:/Applications/mallet-2.0.8RC3/catherine/letters/Lettere_037.txt	0.05647840531561462	0.2823920265780731	0.5182724252491694	0.10963455149501661	0.03322259136212625
199	file:/Applications/mallet-2.0.8RC3/catherine/letters/Lettere_038%20copyLibroQuarto.txt	0.004048582995951417	0.451417004048583	0.3076923076923077	0.1659919028340081	0.0708502024291498
200	file:/Applications/mallet-2.0.8RC3/catherine/letters/Lettere_038%20copyLibroQuinto.txt	0.046583850931677016	0.18167701863354038	0.10248447204968944	0.468944099378882	0.20031055900621117
201	file:/Applications/mallet-2.0.8RC3/catherine/letters/Lettere_038%20copyLibroSecondo.txt	0.13274336283185842	0.02654867256637168	0.30678466076696165	0.4837758112094395	0.05014749262536873
202	file:/Applications/mallet-2.0.8RC3/catherine/letters/Lettere_038%20copyLibroTerzo.txt	0.3155680224403927	0.10378681626928471	0.3590462833099579	0.08976157082748948	0.13183730715287517
203	file:/Applications/mallet-2.0.8RC3/catherine/letters/Lettere_038.txt	0.353215284249767	0.047530288909599254	0.1966449207828518	0.18825722273998136	0.21435228331780057
204	file:/Applications/mallet-2.0.8RC3/catherine/letters/Lettere_039%20copyLibroQuarto.txt	0.135	0.215	0.42	0.045	0.185
205	file:/Applications/mallet-2.0.8RC3/catherine/letters/Lettere_039%20copyLibroQuinto.txt	0.011574074074074073	0.26851851851851855	0.04050925925925926	0.1863425925925926	0.4930555555555556
206	file:/Applications/mallet-2.0.8RC3/catherine/letters/Lettere_039%20copyLibroSecondo.txt	0.17102966841186737	0.07504363001745201	0.38219895287958117	0.2547993019197208	0.1169284467713787
207	file:/Applications/mallet-2.0.8RC3/catherine/letters/Lettere_039%20copyLibroTerzo.txt	0.07434402332361516	0.10349854227405247	0.1924198250728863	0.36443148688046645	0.2653061224489796
208	file:/Applications/mallet-2.0.8RC3/catherine/letters/Lettere_039.txt	0.2850877192982456	0.0891812865497076	0.19736842105263158	0.18859649122807018	0.23976608187134502
209	file:/Applications/mallet-2.0.8RC3/catherine/letters/Lettere_040%20copyLibroQuarto.txt	0.2003213711837172	0.25281199785752545	0.13497589716122121	0.1242635243706481	0.2876272094268881
210	file:/Applications/mallet-2.0.8RC3/catherine/letters/Lettere_040%20copyLibroQuinto.txt	0.17234848484848486	0.3181818181818182	0.16477272727272727	0.07386363636363637	0.2708333333333333
211	file:/Applications/mallet-2.0.8RC3/catherine/letters/Lettere_040%20copyLibroSecondo.txt	0.13387978142076504	0.04371584699453552	0.2226775956284153	0.296448087431694	0.30327868852459017
212	file:/Applications/mallet-2.0.8RC3/catherine/letters/Lettere_040%20copyLibroTerzo.txt	0.14457831325301204	0.09036144578313253	0.6656626506024096	0.07530120481927711	0.024096385542168676
213	file:/Applications/mallet-2.0.8RC3/catherine/letters/Lettere_040.txt	0.09900990099009901	0.10396039603960396	0.6188118811881188	0.12871287128712872	0.04950495049504951
214	file:/Applications/mallet-2.0.8RC3/catherine/letters/Lettere_041%20copyLibroQuarto.txt	0.11645962732919254	0.29347826086956524	0.5046583850931677	0.04192546583850932	0.043478260869565216
215	file:/Applications/mallet-2.0.8RC3/catherine/letters/Lettere_041%20copyLibroQuinto.txt	0.0849609375	0.3701171875	0.109375	0.080078125	0.35546875
216	file:/Applications/mallet-2.0.8RC3/catherine/letters/Lettere_041%20copyLibroSecondo.txt	0.06351791530944625	0.1498371335504886	0.247557003257329	0.2003257328990228	0.33876221498371334
217	file:/Applications/mallet-2.0.8RC3/catherine/letters/Lettere_041%20copyLibroTerzo.txt	0.10377358490566038	0.20754716981132076	0.36792452830188677	0.2641509433962264	0.05660377358490566
218	file:/Applications/mallet-2.0.8RC3/catherine/letters/Lettere_041.txt	0.11797752808988764	0.25280898876404495	0.3792134831460674	0.06741573033707865	0.18258426966292135
