0	file:/Applications/mallet-2.0.8RC3/catherine/letters/.DS_Store	0.9885714285714285	4.761904761904762E-4	4.761904761904762E-4	4.761904761904762E-4	4.761904761904762E-4	4.761904761904762E-4	4.761904761904762E-4	4.761904761904762E-4	4.761904761904762E-4	4.761904761904762E-4	4.761904761904762E-4	4.761904761904762E-4	4.761904761904762E-4	4.761904761904762E-4	4.761904761904762E-4	4.761904761904762E-4	4.761904761904762E-4	4.761904761904762E-4	4.761904761904762E-4	4.761904761904762E-4	4.761904761904762E-4	4.761904761904762E-4	4.761904761904762E-4	4.761904761904762E-4	4.761904761904762E-4
1	file:/Applications/mallet-2.0.8RC3/catherine/letters/Lettere_001%20copyLibroSecondo.txt	0.003908794788273616	6.514657980456026E-4	6.514657980456026E-4	0.003908794788273616	6.514657980456026E-4	6.514657980456026E-4	6.514657980456026E-4	6.514657980456026E-4	6.514657980456026E-4	6.514657980456026E-4	0.10814332247557004	0.358957654723127	6.514657980456026E-4	6.514657980456026E-4	6.514657980456026E-4	6.514657980456026E-4	6.514657980456026E-4	6.514657980456026E-4	6.514657980456026E-4	6.514657980456026E-4	6.514657980456026E-4	0.20586319218241042	0.15700325732899023	6.514657980456026E-4	0.1504885993485342
2	file:/Applications/mallet-2.0.8RC3/catherine/letters/Lettere_001.txt	6.514657980456026E-4	6.514657980456026E-4	6.514657980456026E-4	6.514657980456026E-4	6.514657980456026E-4	6.514657980456026E-4	6.514657980456026E-4	0.007166123778501629	6.514657980456026E-4	6.514657980456026E-4	0.10488599348534203	0.35570032573289906	0.003908794788273616	6.514657980456026E-4	6.514657980456026E-4	6.514657980456026E-4	0.003908794788273616	6.514657980456026E-4	6.514657980456026E-4	6.514657980456026E-4	6.514657980456026E-4	0.23192182410423454	0.13094462540716614	6.514657980456026E-4	0.1504885993485342
3	file:/Applications/mallet-2.0.8RC3/catherine/letters/Lettere_002%20copyLibroQuarto.txt	0.008835341365461848	0.0891566265060241	0.121285140562249	0.09317269076305221	0.06506024096385542	0.0048192771084337345	0.044979919678714855	8.032128514056225E-4	8.032128514056225E-4	0.016867469879518072	8.032128514056225E-4	8.032128514056225E-4	0.0048192771084337345	8.032128514056225E-4	0.09317269076305221	0.02891566265060241	8.032128514056225E-4	8.032128514056225E-4	0.0048192771084337345	0.0570281124497992	8.032128514056225E-4	0.3140562248995984	0.04096385542168674	0.0048192771084337345	8.032128514056225E-4
4	file:/Applications/mallet-2.0.8RC3/catherine/letters/Lettere_002%20copyLibroQuinto.txt	0.06009693053311794	3.2310177705977385E-4	0.00678513731825525	3.2310177705977385E-4	0.018093699515347332	3.2310177705977385E-4	0.02455573505654281	0.11179321486268175	0.01001615508885299	0.018093699515347332	3.2310177705977385E-4	3.2310177705977385E-4	0.00840064620355412	0.0035541195476575123	0.019709208400646203	0.02455573505654281	0.2652665589660743	3.2310177705977385E-4	3.2310177705977385E-4	3.2310177705977385E-4	0.2652665589660743	0.1037156704361874	0.02778675282714055	0.0019386106623586429	0.02778675282714055
5	file:/Applications/mallet-2.0.8RC3/catherine/letters/Lettere_002%20copyLibroSecondo.txt	3.0349013657056146E-4	0.004855842185128983	3.0349013657056146E-4	0.08376327769347497	0.03975720789074355	3.0349013657056146E-4	0.0018209408194233686	0.015477996965098634	0.10500758725341428	0.1535660091047041	0.13535660091047041	0.0018209408194233686	0.007890743550834599	3.0349013657056146E-4	3.0349013657056146E-4	0.07162367223065251	0.013960546282245826	0.0018209408194233686	0.0033383915022761764	0.0018209408194233686	0.08376327769347497	0.05948406676783005	0.21274658573596356	3.0349013657056146E-4	3.0349013657056146E-4
6	file:/Applications/mallet-2.0.8RC3/catherine/letters/Lettere_002%20copyLibroSesto.txt	0.047747747747747746	4.5045045045045046E-4	0.0027027027027027024	0.00945945945945946	4.5045045045045046E-4	0.04099099099099099	0.1018018018018018	0.06576576576576576	0.045495495495495496	4.5045045045045046E-4	4.5045045045045046E-4	4.5045045045045046E-4	4.5045045045045046E-4	0.3202702702702702	0.013963963963963964	0.06126126126126126	0.10405405405405406	4.5045045045045046E-4	4.5045045045045046E-4	4.5045045045045046E-4	0.007207207207207207	0.03648648648648648	0.08603603603603605	4.5045045045045046E-4	0.05225225225225225
7	file:/Applications/mallet-2.0.8RC3/catherine/letters/Lettere_002%20copyLibroTerzo.txt	6.825938566552901E-4	6.825938566552901E-4	0.07235494880546074	0.004095563139931741	0.02798634812286689	0.08600682593856655	0.004095563139931741	0.021160409556313993	0.0621160409556314	0.07235494880546074	0.017747440273037544	6.825938566552901E-4	0.004095563139931741	0.004095563139931741	6.825938566552901E-4	6.825938566552901E-4	6.825938566552901E-4	0.07235494880546074	0.004095563139931741	0.0825938566552901	0.021160409556313993	0.02798634812286689	0.4068259385665529	6.825938566552901E-4	0.004095563139931741
8	file:/Applications/mallet-2.0.8RC3/catherine/letters/Lettere_002.txt	0.002902374670184697	2.638522427440633E-4	0.0015831134564643799	0.06226912928759895	0.0015831134564643799	2.638522427440633E-4	0.021372031662269128	0.02005277044854881	0.030606860158311346	0.1295514511873351	2.638522427440633E-4	0.017414248021108178	0.05435356200527705	2.638522427440633E-4	0.13614775725593667	2.638522427440633E-4	0.047757255936675465	2.638522427440633E-4	2.638522427440633E-4	0.002902374670184697	0.22058047493403693	2.638522427440633E-4	0.22453825857519788	2.638522427440633E-4	0.02401055408970976
9	file:/Applications/mallet-2.0.8RC3/catherine/letters/Lettere_003%20copyLibroQuarto.txt	8.510638297872341E-4	0.07319148936170213	8.510638297872341E-4	0.013617021276595746	0.07319148936170213	0.005106382978723404	8.510638297872341E-4	0.2051063829787234	8.510638297872341E-4	8.510638297872341E-4	8.510638297872341E-4	8.510638297872341E-4	0.08170212765957446	8.510638297872341E-4	0.1497872340425532	8.510638297872341E-4	8.510638297872341E-4	8.510638297872341E-4	0.08595744680851064	8.510638297872341E-4	8.510638297872341E-4	0.2519148936170213	0.03914893617021276	0.009361702127659575	8.510638297872341E-4
10	file:/Applications/mallet-2.0.8RC3/catherine/letters/Lettere_003%20copyLibroQuinto.txt	0.06771037181996087	0.02857142857142857	0.01780821917808219	1.9569471624266145E-4	0.01487279843444227	1.9569471624266145E-4	0.011937377690802348	0.06673189823874756	0.08825831702544032	1.9569471624266145E-4	0.009001956947162425	1.9569471624266145E-4	0.015851272015655577	1.9569471624266145E-4	0.019765166340508806	0.024657534246575342	0.07064579256360079	1.9569471624266145E-4	1.9569471624266145E-4	1.9569471624266145E-4	0.07945205479452055	0.059882583170254404	0.06966731898238748	0.3446183953033268	0.009001956947162425
11	file:/Applications/mallet-2.0.8RC3/catherine/letters/Lettere_003%20copyLibroSecondo.txt	0.006043956043956044	0.006043956043956044	0.022527472527472527	0.06923076923076923	0.05274725274725275	0.2532967032967033	5.494505494505495E-4	5.494505494505495E-4	0.08296703296703296	0.09120879120879122	0.0032967032967032967	5.494505494505495E-4	5.494505494505495E-4	5.494505494505495E-4	0.02527472527472527	5.494505494505495E-4	0.014285714285714287	5.494505494505495E-4	0.049999999999999996	5.494505494505495E-4	0.017032967032967035	0.03626373626373626	0.2285714285714286	0.033516483516483515	0.0032967032967032967
12	file:/Applications/mallet-2.0.8RC3/catherine/letters/Lettere_003%20copyLibroSesto.txt	0.004724409448818898	0.05590551181102362	7.874015748031497E-4	0.20551181102362207	0.02047244094488189	0.012598425196850395	7.874015748031497E-4	0.01653543307086614	0.03228346456692913	0.02047244094488189	7.874015748031497E-4	7.874015748031497E-4	7.874015748031497E-4	0.3551181102362205	0.07559055118110236	7.874015748031497E-4	7.874015748031497E-4	7.874015748031497E-4	0.1267716535433071	7.874015748031497E-4	7.874015748031497E-4	7.874015748031497E-4	0.06377952755905511	7.874015748031497E-4	7.874015748031497E-4
13	file:/Applications/mallet-2.0.8RC3/catherine/letters/Lettere_003%20copyLibroTerzo.txt	7.06713780918728E-4	0.0607773851590106	0.03604240282685512	7.06713780918728E-4	7.06713780918728E-4	0.0077738515901060075	0.014840989399293287	7.06713780918728E-4	7.06713780918728E-4	0.028975265017667843	7.06713780918728E-4	7.06713780918728E-4	7.06713780918728E-4	7.06713780918728E-4	0.028975265017667843	0.0077738515901060075	7.06713780918728E-4	0.0431095406360424	7.06713780918728E-4	0.04664310954063604	0.0607773851590106	0.10318021201413427	0.3151943462897527	0.039575971731448764	0.19858657243816255
14	file:/Applications/mallet-2.0.8RC3/catherine/letters/Lettere_003.txt	5.681818181818183E-4	0.011931818181818182	5.681818181818183E-4	0.11704545454545455	0.009090909090909092	0.06874999999999999	5.681818181818183E-4	0.00625	0.020454545454545454	0.15681818181818183	5.681818181818183E-4	5.681818181818183E-4	0.0659090909090909	0.009090909090909092	0.00625	0.09715909090909092	5.681818181818183E-4	5.681818181818183E-4	0.011931818181818182	0.009090909090909092	0.08295454545454545	0.09147727272727274	0.21647727272727274	5.681818181818183E-4	0.014772727272727272
15	file:/Applications/mallet-2.0.8RC3/catherine/letters/Lettere_004%20copyLibroQuarto.txt	4.4247787610619474E-4	0.009292035398230088	0.013716814159292035	0.09115044247787611	0.02256637168141593	0.002654867256637168	0.002654867256637168	0.1486725663716814	0.03805309734513274	0.004867256637168142	4.4247787610619474E-4	0.018141592920353982	0.049115044247787606	4.4247787610619474E-4	0.13097345132743363	4.4247787610619474E-4	0.013716814159292035	0.002654867256637168	0.06017699115044248	0.002654867256637168	0.1663716814159292	0.2084070796460177	0.011504424778761062	4.4247787610619474E-4	4.4247787610619474E-4
16	file:/Applications/mallet-2.0.8RC3/catherine/letters/Lettere_004%20copyLibroQuinto.txt	3.7174721189591083E-4	0.15092936802973977	0.005947955390334573	0.13977695167286247	0.03754646840148699	0.03940520446096654	0.0022304832713754648	0.005947955390334573	3.7174721189591083E-4	0.07472118959107807	0.007806691449814127	0.0449814126394052	0.02453531598513011	3.7174721189591083E-4	0.017100371747211896	0.06356877323420075	0.0022304832713754648	0.0022304832713754648	0.022676579925650555	0.004089219330855019	0.09144981412639405	0.07657992565055763	0.17137546468401488	3.7174721189591083E-4	0.013382899628252789
17	file:/Applications/mallet-2.0.8RC3/catherine/letters/Lettere_004%20copyLibroSecondo.txt	8.733624454148472E-4	8.733624454148472E-4	8.733624454148472E-4	8.733624454148472E-4	8.733624454148472E-4	0.21921397379912666	0.06637554585152838	0.03580786026200873	8.733624454148472E-4	0.04017467248908296	8.733624454148472E-4	0.24104803493449783	8.733624454148472E-4	8.733624454148472E-4	8.733624454148472E-4	8.733624454148472E-4	8.733624454148472E-4	8.733624454148472E-4	0.013973799126637555	0.005240174672489083	8.733624454148472E-4	0.15807860262008736	0.20611353711790395	8.733624454148472E-4	8.733624454148472E-4
18	file:/Applications/mallet-2.0.8RC3/catherine/letters/Lettere_004%20copyLibroSesto.txt	5.333333333333334E-4	5.333333333333334E-4	5.333333333333334E-4	0.0031999999999999997	5.333333333333334E-4	0.005866666666666667	0.05653333333333333	0.016533333333333334	0.019200000000000002	5.333333333333334E-4	0.1312	5.333333333333334E-4	5.333333333333334E-4	0.2832	5.333333333333334E-4	5.333333333333334E-4	0.2618666666666667	5.333333333333334E-4	0.005866666666666667	0.04853333333333333	5.333333333333334E-4	0.04053333333333333	0.1072	0.0112	0.0031999999999999997
19	file:/Applications/mallet-2.0.8RC3/catherine/letters/Lettere_004%20copyLibroTerzo.txt	0.004026845637583892	0.004026845637583892	0.14161073825503356	0.010738255033557048	0.004026845637583892	0.1080536912751678	0.030872483221476506	0.02751677852348993	6.711409395973155E-4	6.711409395973155E-4	0.004026845637583892	0.010738255033557048	0.007382550335570471	6.711409395973155E-4	0.08120805369127516	6.711409395973155E-4	6.711409395973155E-4	0.04429530201342281	0.017449664429530203	0.05436241610738255	0.02751677852348993	0.0912751677852349	0.2523489932885906	0.06442953020134227	0.010738255033557048
20	file:/Applications/mallet-2.0.8RC3/catherine/letters/Lettere_004.txt	8.733624454148472E-4	8.733624454148472E-4	8.733624454148472E-4	8.733624454148472E-4	8.733624454148472E-4	0.2716157205240175	0.05764192139737991	0.05764192139737991	8.733624454148472E-4	0.022707423580786028	8.733624454148472E-4	0.23231441048034937	8.733624454148472E-4	8.733624454148472E-4	8.733624454148472E-4	8.733624454148472E-4	8.733624454148472E-4	8.733624454148472E-4	8.733624454148472E-4	8.733624454148472E-4	8.733624454148472E-4	0.11877729257641921	0.20611353711790395	0.018340611353711792	8.733624454148472E-4
21	file:/Applications/mallet-2.0.8RC3/catherine/letters/Lettere_005%20copyLibroQuarto.txt	3.4423407917383823E-4	0.03476764199655766	0.07435456110154906	3.4423407917383823E-4	3.4423407917383823E-4	3.4423407917383823E-4	0.10189328743545611	0.06919104991394148	0.003786574870912221	0.04509466437177281	0.005507745266781412	3.4423407917383823E-4	0.027882960413080894	3.4423407917383823E-4	0.13975903614457832	3.4423407917383823E-4	0.014113597246127365	3.4423407917383823E-4	0.003786574870912221	0.002065404475043029	0.14148020654044752	0.08296041308089501	0.2	3.4423407917383823E-4	0.05025817555938038
22	file:/Applications/mallet-2.0.8RC3/catherine/letters/Lettere_005%20copyLibroQuinto.txt	0.19156378600823043	0.0012345679012345679	2.05761316872428E-4	0.03518518518518519	2.05761316872428E-4	2.05761316872428E-4	2.05761316872428E-4	0.1565843621399177	0.15761316872427983	2.05761316872428E-4	0.004320987654320988	2.05761316872428E-4	0.007407407407407408	2.05761316872428E-4	0.03312757201646091	0.03312757201646091	0.025925925925925925	0.0012345679012345679	0.009465020576131687	0.019753086419753086	0.16687242798353907	0.06810699588477366	0.021810699588477367	0.030041152263374483	0.03518518518518519
23	file:/Applications/mallet-2.0.8RC3/catherine/letters/Lettere_005%20copyLibroSecondo.txt	8.097165991902835E-4	0.0534412955465587	8.097165991902835E-4	0.01700404858299595	0.03319838056680162	0.021052631578947368	0.025101214574898785	0.03319838056680162	0.04534412955465587	0.08987854251012145	8.097165991902835E-4	8.097165991902835E-4	0.012955465587044536	8.097165991902835E-4	8.097165991902835E-4	8.097165991902835E-4	0.1910931174089069	0.004858299595141701	8.097165991902835E-4	0.03319838056680162	8.097165991902835E-4	0.08178137651821862	0.34898785425101214	8.097165991902835E-4	8.097165991902835E-4
24	file:/Applications/mallet-2.0.8RC3/catherine/letters/Lettere_005%20copyLibroSesto.txt	0.04642857142857143	0.05535714285714286	0.0017857142857142859	0.0017857142857142859	0.0017857142857142859	0.0017857142857142859	0.0017857142857142859	0.18035714285714285	0.0017857142857142859	0.0017857142857142859	0.0375	0.0017857142857142859	0.0017857142857142859	0.29642857142857143	0.08214285714285714	0.0017857142857142859	0.0732142857142857	0.0017857142857142859	0.04642857142857143	0.0017857142857142859	0.0017857142857142859	0.0017857142857142859	0.0017857142857142859	0.15357142857142855	0.0017857142857142859
25	file:/Applications/mallet-2.0.8RC3/catherine/letters/Lettere_005%20copyLibroTerzo.txt	0.0013333333333333335	0.028	0.108	0.014666666666666668	0.021333333333333336	0.0013333333333333335	0.028	0.008	0.008	0.008	0.0013333333333333335	0.0013333333333333335	0.0013333333333333335	0.0013333333333333335	0.014666666666666668	0.0013333333333333335	0.0013333333333333335	0.034666666666666665	0.05466666666666666	0.008	0.20133333333333334	0.3746666666666667	0.07466666666666666	0.0013333333333333335	0.0013333333333333335
26	file:/Applications/mallet-2.0.8RC3/catherine/letters/Lettere_005.txt	0.002797202797202797	0.05874125874125874	0.158974358974359	0.01911421911421911	4.662004662004662E-4	0.04009324009324009	0.05174825174825175	0.09137529137529138	0.007459207459207459	0.026107226107226107	0.03776223776223776	4.662004662004662E-4	4.662004662004662E-4	4.662004662004662E-4	0.07972027972027973	0.002797202797202797	0.07272727272727272	4.662004662004662E-4	4.662004662004662E-4	4.662004662004662E-4	0.04941724941724942	0.1286713286713287	0.15431235431235432	0.007459207459207459	0.007459207459207459
27	file:/Applications/mallet-2.0.8RC3/catherine/letters/Lettere_006%20copyLibroQuarto.txt	0.0012048192771084338	0.05542168674698795	0.0012048192771084338	0.0012048192771084338	0.0012048192771084338	0.0012048192771084338	0.01927710843373494	0.07349397590361445	0.007228915662650602	0.04939759036144578	0.013253012048192772	0.0012048192771084338	0.03734939759036145	0.03132530120481928	0.07951807228915662	0.03132530120481928	0.0012048192771084338	0.013253012048192772	0.03132530120481928	0.0012048192771084338	0.0012048192771084338	0.3746987951807229	0.13373493975903614	0.03734939759036145	0.0012048192771084338
28	file:/Applications/mallet-2.0.8RC3/catherine/letters/Lettere_006%20copyLibroQuinto.txt	0.021107266435986156	3.460207612456748E-4	0.01764705882352941	0.14740484429065745	3.460207612456748E-4	0.00726643598615917	0.16816608996539792	0.02629757785467128	0.1110726643598616	3.460207612456748E-4	3.460207612456748E-4	0.13356401384083044	0.021107266435986156	3.460207612456748E-4	3.460207612456748E-4	0.021107266435986156	0.0643598615916955	3.460207612456748E-4	0.0314878892733564	3.460207612456748E-4	0.002076124567474048	0.04186851211072664	0.17335640138408304	0.0038062283737024223	0.0055363321799307965
29	file:/Applications/mallet-2.0.8RC3/catherine/letters/Lettere_006%20copyLibroSecondo.txt	4.11522633744856E-4	0.023045267489711932	0.010699588477366255	0.05802469135802469	0.04773662551440329	0.1506172839506173	4.11522633744856E-4	0.0024691358024691358	4.11522633744856E-4	4.11522633744856E-4	0.03333333333333333	0.25967078189300413	4.11522633744856E-4	4.11522633744856E-4	4.11522633744856E-4	0.05185185185185185	4.11522633744856E-4	0.0024691358024691358	0.016872427983539093	4.11522633744856E-4	0.008641975308641976	0.0024691358024691358	0.32551440329218106	4.11522633744856E-4	0.0024691358024691358
30	file:/Applications/mallet-2.0.8RC3/catherine/letters/Lettere_006%20copyLibroSesto.txt	0.004166666666666667	0.004166666666666667	0.004166666666666667	0.04583333333333334	0.024999999999999998	0.004166666666666667	0.004166666666666667	0.33749999999999997	0.004166666666666667	0.004166666666666667	0.004166666666666667	0.004166666666666667	0.004166666666666667	0.42083333333333334	0.004166666666666667	0.004166666666666667	0.004166666666666667	0.004166666666666667	0.004166666666666667	0.004166666666666667	0.04583333333333334	0.024999999999999998	0.004166666666666667	0.004166666666666667	0.024999999999999998
31	file:/Applications/mallet-2.0.8RC3/catherine/letters/Lettere_006%20copyLibroTerzo.txt	0.001282051282051282	0.026923076923076925	0.001282051282051282	0.001282051282051282	0.007692307692307692	0.16153846153846155	0.001282051282051282	0.001282051282051282	0.001282051282051282	0.001282051282051282	0.03974358974358975	0.001282051282051282	0.001282051282051282	0.001282051282051282	0.001282051282051282	0.046153846153846156	0.001282051282051282	0.03974358974358975	0.001282051282051282	0.007692307692307692	0.001282051282051282	0.001282051282051282	0.6487179487179487	0.001282051282051282	0.001282051282051282
32	file:/Applications/mallet-2.0.8RC3/catherine/letters/Lettere_006.txt	3.952569169960474E-4	0.0458498023715415	0.02608695652173913	0.055731225296442685	0.004347826086956522	0.028063241106719365	0.0023715415019762843	3.952569169960474E-4	0.01225296442687747	0.25731225296442684	0.010276679841897233	0.016205533596837945	0.03794466403162055	3.952569169960474E-4	0.01225296442687747	3.952569169960474E-4	0.0023715415019762843	0.010276679841897233	3.952569169960474E-4	0.008300395256916997	0.08339920948616601	0.06363636363636364	0.26324110671936757	3.952569169960474E-4	0.057707509881422925
33	file:/Applications/mallet-2.0.8RC3/catherine/letters/Lettere_007%20copyLibroQuarto.txt	4.434589800443459E-4	0.042572062084257206	0.055875831485587585	0.042572062084257206	0.0026607538802660754	0.0713968957871397	0.11796008869179601	0.09800443458980045	4.434589800443459E-4	4.434589800443459E-4	0.0026607538802660754	4.434589800443459E-4	4.434589800443459E-4	0.0026607538802660754	0.02039911308203991	4.434589800443459E-4	0.004878048780487805	0.015964523281596452	0.02483370288248337	4.434589800443459E-4	0.05809312638580931	0.16230598669623061	0.08470066518847007	0.0026607538802660754	0.18669623059866963
34	file:/Applications/mallet-2.0.8RC3/catherine/letters/Lettere_007%20copyLibroQuinto.txt	0.23683241252302026	0.022283609576427256	0.02044198895027624	0.040699815837937386	0.02965009208103131	0.004788213627992634	0.0011049723756906076	0.15303867403314916	0.10699815837937385	0.025966850828729283	1.841620626151013E-4	0.0038674033149171273	0.028729281767955802	1.841620626151013E-4	0.013996316758747697	0.0020257826887661143	0.05174953959484346	1.841620626151013E-4	0.013996316758747697	0.02320441988950276	0.10515653775322284	0.049907918968692455	0.061878453038674036	0.002946593001841621	1.841620626151013E-4
35	file:/Applications/mallet-2.0.8RC3/catherine/letters/Lettere_007%20copyLibroSecondo.txt	7.092198581560284E-4	7.092198581560284E-4	7.092198581560284E-4	0.11418439716312058	0.025531914893617023	0.007801418439716313	7.092198581560284E-4	0.00425531914893617	0.032624113475177303	0.08226950354609928	7.092198581560284E-4	0.22411347517730498	7.092198581560284E-4	7.092198581560284E-4	0.00425531914893617	0.12127659574468086	0.011347517730496455	0.00425531914893617	0.00425531914893617	7.092198581560284E-4	7.092198581560284E-4	0.12836879432624115	0.21347517730496454	0.014893617021276596	7.092198581560284E-4
36	file:/Applications/mallet-2.0.8RC3/catherine/letters/Lettere_007%20copyLibroSesto.txt	0.024161073825503355	0.024161073825503355	6.711409395973155E-4	0.024161073825503355	0.10134228187919463	0.004026845637583892	6.711409395973155E-4	0.15503355704697988	0.03758389261744966	0.017449664429530203	0.017449664429530203	0.010738255033557048	0.02751677852348993	0.2523489932885906	0.004026845637583892	6.711409395973155E-4	0.03422818791946308	6.711409395973155E-4	0.14161073825503356	6.711409395973155E-4	6.711409395973155E-4	0.04093959731543624	0.014093959731543624	0.06442953020134227	6.711409395973155E-4
37	file:/Applications/mallet-2.0.8RC3/catherine/letters/Lettere_007%20copyLibroTerzo.txt	3.952569169960474E-4	3.952569169960474E-4	0.055731225296442685	3.952569169960474E-4	0.01225296442687747	0.08142292490118577	3.952569169960474E-4	3.952569169960474E-4	0.006324110671936759	0.07154150197628459	0.03596837944664032	0.006324110671936759	0.27312252964426875	3.952569169960474E-4	0.04387351778656126	0.0023715415019762843	0.05375494071146245	0.04189723320158103	3.952569169960474E-4	0.006324110671936759	0.0023715415019762843	0.03794466403162055	0.2553359683794466	0.008300395256916997	0.0023715415019762843
38	file:/Applications/mallet-2.0.8RC3/catherine/letters/Lettere_007.txt	0.003147353361945637	0.004577968526466381	2.861230329041488E-4	0.008869814020028613	0.026037195994277538	0.03175965665236052	2.861230329041488E-4	0.07467811158798283	0.14763948497854076	0.017453505007153074	0.036051502145922745	0.007439198855507869	0.03175965665236052	0.003147353361945637	2.861230329041488E-4	0.07896995708154507	0.06752503576537912	2.861230329041488E-4	0.006008583690987125	2.861230329041488E-4	0.16623748211731046	0.027467811158798282	0.1361945636623748	0.06752503576537912	0.05608011444921317
39	file:/Applications/mallet-2.0.8RC3/catherine/letters/Lettere_008%20copyLibroQuarto.txt	5.263157894736842E-4	0.01105263157894737	0.008421052631578947	0.053157894736842105	0.04526315789473684	0.042631578947368416	0.018947368421052633	0.2636842105263158	0.003157894736842105	5.263157894736842E-4	0.01105263157894737	5.263157894736842E-4	0.032105263157894734	5.263157894736842E-4	0.22947368421052633	0.005789473684210527	5.263157894736842E-4	5.263157894736842E-4	0.04	0.029473684210526315	0.01105263157894737	0.1794736842105263	0.003157894736842105	5.263157894736842E-4	0.008421052631578947
40	file:/Applications/mallet-2.0.8RC3/catherine/letters/Lettere_008%20copyLibroQuinto.txt	0.038801261829652996	0.04195583596214511	0.006466876971608832	0.17602523659305994	0.051419558359621455	0.011198738170347002	0.049842271293375394	9.463722397476341E-4	0.1342271293375394	0.016719242902208203	0.04826498422712934	1.577287066246057E-4	0.008044164037854889	9.463722397476341E-4	0.0222397476340694	0.05930599369085174	0.08454258675078864	9.463722397476341E-4	0.03170347003154574	1.577287066246057E-4	0.050630914826498424	0.0056782334384858045	0.1476340694006309	0.01198738170347003	1.577287066246057E-4
41	file:/Applications/mallet-2.0.8RC3/catherine/letters/Lettere_008%20copyLibroSecondo.txt	4.914004914004914E-4	0.029975429975429974	0.04226044226044226	0.06437346437346438	0.007862407862407862	4.914004914004914E-4	0.057002457002457	4.914004914004914E-4	0.0029484029484029483	0.06683046683046683	0.08648648648648649	4.914004914004914E-4	0.015233415233415233	4.914004914004914E-4	0.03734643734643735	0.15773955773955775	0.11105651105651107	0.0029484029484029483	4.914004914004914E-4	0.03488943488943489	0.01031941031941032	0.1257985257985258	0.13316953316953317	0.01031941031941032	4.914004914004914E-4
42	file:/Applications/mallet-2.0.8RC3/catherine/letters/Lettere_008%20copyLibroSesto.txt	3.273322422258593E-4	0.010147299509001636	0.003600654664484452	0.18854337152209494	0.00851063829787234	0.023240589198036007	3.273322422258593E-4	0.08707037643207856	3.273322422258593E-4	0.015057283142389525	0.026513911620294598	0.04288052373158756	3.273322422258593E-4	0.2867430441898527	0.00851063829787234	0.021603927986906708	0.021603927986906708	3.273322422258593E-4	0.17381342062193125	3.273322422258593E-4	0.026513911620294598	0.04615384615384615	3.273322422258593E-4	0.003600654664484452	0.003600654664484452
43	file:/Applications/mallet-2.0.8RC3/catherine/letters/Lettere_008%20copyLibroTerzo.txt	5.899705014749262E-4	0.024188790560471973	0.13628318584070798	5.899705014749262E-4	0.0035398230088495575	0.06548672566371681	0.00943952802359882	0.00648967551622419	5.899705014749262E-4	0.05663716814159292	0.0035398230088495575	0.0035398230088495575	5.899705014749262E-4	5.899705014749262E-4	0.0035398230088495575	0.09793510324483777	5.899705014749262E-4	0.03008849557522124	5.899705014749262E-4	0.11858407079646019	0.03303834808259587	0.1097345132743363	0.26902654867256637	0.024188790560471973	5.899705014749262E-4
44	file:/Applications/mallet-2.0.8RC3/catherine/letters/Lettere_008.txt	4.0816326530612246E-4	0.004489795918367347	0.018775510204081632	0.018775510204081632	4.0816326530612246E-4	0.1126530612244898	0.12897959183673469	0.09836734693877551	0.020816326530612245	0.008571428571428572	0.03306122448979592	4.0816326530612246E-4	4.0816326530612246E-4	0.0024489795918367346	0.018775510204081632	4.0816326530612246E-4	0.07795918367346939	4.0816326530612246E-4	0.010612244897959184	4.0816326530612246E-4	0.037142857142857144	0.08204081632653062	0.3004081632653061	4.0816326530612246E-4	0.022857142857142857
45	file:/Applications/mallet-2.0.8RC3/catherine/letters/Lettere_009%20copyLibroQuarto.txt	4.7393364928909954E-4	0.06445497630331753	0.06445497630331753	4.7393364928909954E-4	0.028909952606635068	0.14976303317535547	4.7393364928909954E-4	4.7393364928909954E-4	0.014691943127962086	4.7393364928909954E-4	0.005213270142180095	4.7393364928909954E-4	4.7393364928909954E-4	0.002843601895734597	4.7393364928909954E-4	4.7393364928909954E-4	0.007582938388625593	0.00995260663507109	0.005213270142180095	0.1308056872037915	4.7393364928909954E-4	0.06919431279620852	0.3559241706161137	0.024170616113744076	0.062085308056872034
46	file:/Applications/mallet-2.0.8RC3/catherine/letters/Lettere_009%20copyLibroQuinto.txt	0.024577861163227015	0.07054409005628517	0.03302063789868668	0.045215759849906195	0.007692307692307692	0.06303939962476549	0.09305816135084428	1.876172607879925E-4	0.10619136960600375	0.06960600375234521	0.03677298311444653	0.01425891181988743	1.876172607879925E-4	1.876172607879925E-4	0.03958724202626642	0.058348968105065666	0.07617260787992496	1.876172607879925E-4	0.00300187617260788	0.003939962476547843	0.04896810506566605	0.03771106941838649	0.1277673545966229	0.00675422138836773	0.03302063789868668
47	file:/Applications/mallet-2.0.8RC3/catherine/letters/Lettere_009%20copyLibroSecondo.txt	2.5094102885821835E-4	0.010288582183186951	0.06173149309912171	0.05922208281053953	2.5094102885821835E-4	0.11819322459222083	0.037892095357590964	0.06549560853199499	2.5094102885821835E-4	0.025345043914680048	0.08180677540777917	0.0629861982434128	2.5094102885821835E-4	2.5094102885821835E-4	0.049184441656210796	2.5094102885821835E-4	0.02659974905897114	2.5094102885821835E-4	2.5094102885821835E-4	0.12572145545796737	2.5094102885821835E-4	0.06047678795483062	0.15708908406524466	0.007779171894604768	0.0479297365119197
48	file:/Applications/mallet-2.0.8RC3/catherine/letters/Lettere_009%20copyLibroSesto.txt	0.0013986013986013986	0.07132867132867134	0.010722610722610722	0.0072261072261072265	0.017715617715617714	0.05268065268065268	0.0072261072261072265	2.331002331002331E-4	2.331002331002331E-4	2.331002331002331E-4	2.331002331002331E-4	0.023543123543123542	0.10046620046620047	0.23566433566433564	0.10396270396270396	0.022377622377622378	0.034032634032634033	2.331002331002331E-4	2.331002331002331E-4	0.0037296037296037296	0.048018648018648025	2.331002331002331E-4	0.24848484848484848	2.331002331002331E-4	0.009557109557109556
49	file:/Applications/mallet-2.0.8RC3/catherine/letters/Lettere_009%20copyLibroTerzo.txt	0.004897959183673469	8.163265306122449E-4	0.008979591836734694	0.02122448979591837	8.163265306122449E-4	0.11510204081632652	8.163265306122449E-4	8.163265306122449E-4	0.017142857142857144	0.07020408163265306	0.037551020408163265	8.163265306122449E-4	8.163265306122449E-4	8.163265306122449E-4	0.06612244897959184	8.163265306122449E-4	8.163265306122449E-4	0.11510204081632652	8.163265306122449E-4	0.18040816326530612	8.163265306122449E-4	0.26204081632653065	0.09061224489795919	8.163265306122449E-4	8.163265306122449E-4
50	file:/Applications/mallet-2.0.8RC3/catherine/letters/Lettere_009.txt	0.0013157894736842105	0.0013157894736842105	0.0013157894736842105	0.034210526315789476	0.007894736842105263	0.014473684210526317	0.007894736842105263	0.0013157894736842105	0.0013157894736842105	0.2710526315789474	0.007894736842105263	0.0013157894736842105	0.04078947368421053	0.0013157894736842105	0.0013157894736842105	0.0013157894736842105	0.034210526315789476	0.0013157894736842105	0.0013157894736842105	0.04736842105263158	0.0013157894736842105	0.2973684210526316	0.19210526315789472	0.0013157894736842105	0.027631578947368424
51	file:/Applications/mallet-2.0.8RC3/catherine/letters/Lettere_010%20copyLibroQuarto.txt	4.962779156327543E-4	0.00794044665012407	4.962779156327543E-4	0.017866004962779156	0.02779156327543424	0.005459057071960299	0.042679900744416875	0.29081885856079404	0.017866004962779156	4.962779156327543E-4	4.962779156327543E-4	4.962779156327543E-4	4.962779156327543E-4	0.022828784119106698	0.07741935483870968	0.010421836228287842	0.012903225806451613	0.010421836228287842	0.005459057071960299	0.012903225806451613	0.10967741935483871	0.13449131513647644	0.1890818858560794	4.962779156327543E-4	4.962779156327543E-4
52	file:/Applications/mallet-2.0.8RC3/catherine/letters/Lettere_010%20copyLibroQuinto.txt	0.001075268817204301	0.03870967741935484	0.001075268817204301	0.08172043010752687	0.001075268817204301	0.001075268817204301	0.001075268817204301	0.001075268817204301	0.001075268817204301	0.001075268817204301	0.001075268817204301	0.03333333333333333	0.08709677419354839	0.001075268817204301	0.001075268817204301	0.001075268817204301	0.001075268817204301	0.022580645161290325	0.022580645161290325	0.022580645161290325	0.06559139784946236	0.12473118279569892	0.13010752688172042	0.29139784946236563	0.06559139784946236
53	file:/Applications/mallet-2.0.8RC3/catherine/letters/Lettere_010%20copyLibroSecondo.txt	3.3955857385398983E-4	0.0037351443123938882	0.01731748726655348	0.08183361629881156	0.0020373514431239388	0.04787775891341256	0.010526315789473684	3.3955857385398983E-4	0.12258064516129033	0.06825127334465196	0.042784380305602714	0.0020373514431239388	0.044482173174872665	0.0020373514431239388	3.3955857385398983E-4	0.16162988115449917	0.10390492359932088	0.025806451612903226	0.0020373514431239388	3.3955857385398983E-4	0.03938879456706282	0.027504244482173174	0.14465195246179965	0.04787775891341256	3.3955857385398983E-4
54	file:/Applications/mallet-2.0.8RC3/catherine/letters/Lettere_010%20copyLibroSesto.txt	0.0014084507042253522	0.0014084507042253522	0.0014084507042253522	0.0014084507042253522	0.015492957746478875	0.09999999999999999	0.0014084507042253522	0.008450704225352112	0.0014084507042253522	0.022535211267605635	0.0014084507042253522	0.008450704225352112	0.0014084507042253522	0.34647887323943666	0.008450704225352112	0.008450704225352112	0.0014084507042253522	0.008450704225352112	0.0014084507042253522	0.04366197183098592	0.008450704225352112	0.0014084507042253522	0.4028169014084507	0.0014084507042253522	0.0014084507042253522
55	file:/Applications/mallet-2.0.8RC3/catherine/letters/Lettere_010%20copyLibroTerzo.txt	9.009009009009009E-4	9.009009009009009E-4	0.014414414414414415	9.009009009009009E-4	0.005405405405405405	0.14504504504504506	0.005405405405405405	9.009009009009009E-4	9.009009009009009E-4	9.009009009009009E-4	9.009009009009009E-4	9.009009009009009E-4	0.08648648648648648	9.009009009009009E-4	9.009009009009009E-4	0.023423423423423424	9.009009009009009E-4	0.09999999999999999	9.009009009009009E-4	0.04144144144144144	0.014414414414414415	0.22162162162162163	0.17657657657657658	9.009009009009009E-4	0.15405405405405406
56	file:/Applications/mallet-2.0.8RC3/catherine/letters/Lettere_010.txt	7.462686567164179E-4	7.462686567164179E-4	7.462686567164179E-4	0.06044776119402985	0.026865671641791045	7.462686567164179E-4	0.008208955223880599	0.026865671641791045	0.16865671641791047	0.1537313432835821	7.462686567164179E-4	0.01567164179104478	7.462686567164179E-4	7.462686567164179E-4	7.462686567164179E-4	7.462686567164179E-4	7.462686567164179E-4	7.462686567164179E-4	0.004477611940298508	0.07537313432835821	7.462686567164179E-4	7.462686567164179E-4	0.4037313432835821	0.004477611940298508	0.0417910447761194
57	file:/Applications/mallet-2.0.8RC3/catherine/letters/Lettere_011%20copyLibroQuarto.txt	0.016758241758241758	0.05384615384615385	0.020879120879120878	0.08406593406593407	0.016758241758241758	0.022252747252747253	0.03461538461538462	0.2585164835164835	0.016758241758241758	2.747252747252747E-4	0.040109890109890106	0.0071428571428571435	2.747252747252747E-4	2.747252747252747E-4	0.14313186813186812	0.0016483516483516484	0.031868131868131866	2.747252747252747E-4	0.10467032967032967	0.0016483516483516484	0.031868131868131866	0.10192307692307692	2.747252747252747E-4	0.0016483516483516484	0.008516483516483517
58	file:/Applications/mallet-2.0.8RC3/catherine/letters/Lettere_011%20copyLibroQuinto.txt	0.005309734513274336	8.849557522123895E-4	8.849557522123895E-4	0.036283185840707964	0.009734513274336285	8.849557522123895E-4	8.849557522123895E-4	8.849557522123895E-4	8.849557522123895E-4	0.06725663716814159	0.005309734513274336	0.04513274336283186	0.08053097345132743	0.014159292035398232	8.849557522123895E-4	0.04070796460176991	0.02743362831858407	0.03185840707964602	0.27964601769911507	0.023008849557522124	0.014159292035398232	0.2929203539823009	8.849557522123895E-4	0.018584070796460177	8.849557522123895E-4
59	file:/Applications/mallet-2.0.8RC3/catherine/letters/Lettere_011%20copyLibroSecondo.txt	0.0028193832599118945	0.026607929515418502	0.03982378854625551	0.06096916299559472	0.0028193832599118945	0.0037004405286343613	0.029251101321585905	0.023083700440528633	0.023964757709251102	0.11295154185022026	0.2909251101321586	0.0010572687224669603	0.02837004405286344	0.0010572687224669603	0.0028193832599118945	0.09180616740088106	0.03541850220264318	1.762114537444934E-4	1.762114537444934E-4	1.762114537444934E-4	0.03718061674008811	0.030132158590308374	0.0988546255506608	0.0045814977973568285	0.05127753303964758
60	file:/Applications/mallet-2.0.8RC3/catherine/letters/Lettere_011%20copyLibroSesto.txt	5.649717514124294E-4	0.02033898305084746	5.649717514124294E-4	0.0655367231638418	5.649717514124294E-4	5.649717514124294E-4	0.028813559322033895	0.0231638418079096	0.05706214689265537	5.649717514124294E-4	0.014689265536723164	0.00903954802259887	0.04293785310734463	0.3338983050847458	5.649717514124294E-4	0.003389830508474576	5.649717514124294E-4	5.649717514124294E-4	0.0062146892655367235	5.649717514124294E-4	0.05141242937853107	0.003389830508474576	0.2632768361581921	5.649717514124294E-4	0.0711864406779661
61	file:/Applications/mallet-2.0.8RC3/catherine/letters/Lettere_011%20copyLibroTerzo.txt	3.3500837520938025E-4	0.023785594639865997	0.005360134003350084	0.05728643216080403	0.025460636515912898	0.09916247906197656	0.04221105527638191	0.010385259631490788	0.013735343383584588	0.022110552763819093	3.3500837520938025E-4	0.03886097152428811	0.003685092127303183	3.3500837520938025E-4	0.035510887772194306	3.3500837520938025E-4	0.11591289782244557	0.06566164154103853	0.027135678391959798	0.11088777219430486	3.3500837520938025E-4	0.002010050251256281	0.2901172529313233	3.3500837520938025E-4	0.008710217755443886
62	file:/Applications/mallet-2.0.8RC3/catherine/letters/Lettere_011.txt	0.00202020202020202	0.00202020202020202	0.00202020202020202	0.00202020202020202	0.00202020202020202	0.00202020202020202	0.00202020202020202	0.00202020202020202	0.07272727272727272	0.16363636363636364	0.022222222222222223	0.012121212121212121	0.022222222222222223	0.00202020202020202	0.00202020202020202	0.00202020202020202	0.03232323232323232	0.012121212121212121	0.022222222222222223	0.012121212121212121	0.00202020202020202	0.4868686868686869	0.11313131313131312	0.00202020202020202	0.00202020202020202
63	file:/Applications/mallet-2.0.8RC3/catherine/letters/Lettere_012%20copyLibroQuarto.txt	6.097560975609756E-4	0.0036585365853658534	0.024999999999999998	0.03414634146341463	6.097560975609756E-4	0.0036585365853658534	6.097560975609756E-4	0.0067073170731707325	0.15000000000000002	0.04024390243902439	6.097560975609756E-4	6.097560975609756E-4	0.0036585365853658534	0.0036585365853658534	0.0036585365853658534	0.07378048780487804	0.12560975609756098	6.097560975609756E-4	6.097560975609756E-4	6.097560975609756E-4	0.058536585365853655	0.14695121951219514	0.13170731707317074	0.05548780487804878	0.12865853658536586
64	file:/Applications/mallet-2.0.8RC3/catherine/letters/Lettere_012%20copyLibroQuinto.txt	0.0015999999999999999	0.03493333333333333	0.05893333333333334	0.022933333333333333	0.010933333333333333	2.666666666666667E-4	0.014933333333333333	0.06693333333333333	0.04293333333333334	0.004266666666666667	2.666666666666667E-4	2.666666666666667E-4	0.010933333333333333	2.666666666666667E-4	2.666666666666667E-4	0.0056	0.12560000000000002	2.666666666666667E-4	0.0029333333333333334	2.666666666666667E-4	0.04426666666666667	0.07626666666666668	0.08693333333333333	0.37893333333333334	0.008266666666666667
65	file:/Applications/mallet-2.0.8RC3/catherine/letters/Lettere_012%20copyLibroSecondo.txt	2.6881720430107527E-4	0.044623655913978495	0.10779569892473119	0.04327956989247312	0.013709677419354837	2.6881720430107527E-4	0.07284946236559141	0.06612903225806452	2.6881720430107527E-4	0.03387096774193548	0.0903225806451613	0.03521505376344086	0.008333333333333333	0.0016129032258064516	0.028494623655913976	0.04865591397849463	0.024462365591397847	2.6881720430107527E-4	2.6881720430107527E-4	0.10645161290322581	0.029838709677419355	0.00967741935483871	0.16021505376344086	2.6881720430107527E-4	0.07284946236559141
